17
23
34
14
19
31
28
35
42
20
17
24
22
26
21
14
25
28
25
20
25
46
25
25
28
20
23
21
29
19
20
32
25
20
24
19
26
25
21
19
22
29
15
26
24
28
16
18
37
17
21
27
17
23
14
13
36
23
21
24
28
24
25
25
23
23
20
30
22
15
15
23
20
25
24
21
18
20
26
31
24
13
16
22
23
18
23
17
14
30
36
26
23
31
26
28
21
14
33
21
27
14
19
21
29
27
16
18
17
25
20
29
24
20
18
22
13
27
27
35
31
25
23
19
19
29
21
28
30
28
30
15
37
18
35
19
27
32
17
28
18
22
21
21
21
23
25
22
16
22
31
28
17
14
19
19
28
20
21
18
22
25
24
19
18
16
21
26
19
24
28
25
18
26
17
28
45
33
29
17
15
23
29
35
29
17
20
31
29
31
29
25
25
17
28
21
21
22
28
22
23
34
24
29
19
21
21
23
21
18
18
11
23
20
20
21
19
26
27
19
23
24
17
22
26
15
17
10
18
28
23
30
22
23
15
11
26
18
30
24
28
32
22
14
24
40
29
41
20
18
18
18
15
18
24
33
19
34
32
15
24
27
26
22
20
23
20
25
21
21
32
14
15
19
21
30
18
17
29
20
26
20
31
24
16
17
30
20
21
33
24
27
23
18
25
14
14
21
21
29
36
31
25
20
16
35
14
31
26
11
16
22
26
35
28
22
26
25
28
29
22
12
19
25
16
25
19
21
16
42
33
25
25
23
16
18
24
29
16
21
26
26
22
15
22
20
19
23
14
25
22
22
16
17
26
30
33
21
22
23
22
13
19
25
22
26
30
22
24
22
28
26
19
18
19
37
25
18
29
28
16
16
26
31
21
13
25
19
22
22
16
33
29
22
11
20
33
29
26
20
39
25
28
20
22
22
24
27
37
26
18
13
23
27
21
21
14
18
18
31
37
24
22
27
28
21
11
27
33
15
18
17
25
19
17
25
19
21
25
38
29
16
42
17
25
26
15
26
37
22
28
33
18
28
26
8
33
44
15
21
36
23
21
11
30
22
14
17
19
18
19
22
20
19
27
16
24
15
26
22
24
40
20
24
23
27
15
25
17
18
27
29
20
41
15
21
26
23
28
21
