30
46
47
54
38
47
48
49
59
55
26
38
43
46
49
25
38
59
48
45
37
53
55
59
49
51
49
48
40
58
67
59
56
67
65
51
31
49
48
42
51
40
51
35
68
51
46
53
62
40
54
49
56
57
35
27
52
56
40
43
49
46
45
45
51
46
50
58
56
47
41
44
41
46
59
39
54
51
60
56
47
22
69
64
42
60
68
42
39
50
52
57
56
51
62
58
54
62
51
53
51
29
65
55
67
55
54
50
48
48
54
58
48
39
64
39
41
39
69
49
59
52
41
67
37
68
42
46
40
73
56
28
53
36
52
25
60
54
48
58
39
47
50
45
62
51
69
37
37
52
48
51
59
47
51
45
58
66
76
48
61
60
62
33
46
44
64
51
69
39
58
66
42
51
50
57
83
60
58
34
47
59
53
54
53
56
40
68
76
48
58
45
67
47
49
45
46
67
63
52
50
54
52
47
54
40
64
58
56
45
31
36
43
42
34
41
61
65
53
54
47
36
45
53
61
49
67
35
74
51
52
48
35
59
30
43
42
26
57
44
59
53
44
29
71
62
56
58
43
53
46
43
78
40
47
63
52
69
48
52
49
44
50
61
50
43
51
59
50
52
54
38
29
41
54
42
52
71
53
31
56
37
45
59
45
40
41
50
39
61
45
46
24
55
58
29
41
41
66
62
58
55
32
50
35
59
42
59
40
38
68
54
68
81
58
54
33
51
60
42
61
55
38
44
47
64
62
39
34
56
56
65
64
52
54
51
42
60
45
58
44
48
64
36
41
43
50
56
59
42
68
45
32
54
46
45
49
50
46
69
44
66
36
60
38
36
76
47
47
67
49
39
53
51
81
56
37
45
60
45
34
55
43
53
44
59
59
57
42
32
48
56
47
68
26
43
64
56
50
36
40
55
61
69
51
34
57
65
43
46
64
47
50
56
48
35
28
34
60
43
66
53
65
61
60
56
29
53
57
47
39
62
60
47
60
67
32
50
52
55
49
36
79
34
59
47
60
51
64
40
32
46
42
52
54
43
54
81
55
40
49
36
38
36
58
52
62
33
44
61
39
60
39
49
43
37
55
35
67
51
58
76
56
44
27
49
33
54
53
32
58
43
61
65
57
40
43
46
60
58
