36
32
40
27
20
37
44
46
54
28
27
32
35
36
33
21
38
44
47
35
32
57
40
42
30
43
42
28
38
29
29
38
37
41
43
31
44
35
40
30
24
42
22
40
42
44
34
23
48
26
24
51
29
43
22
38
49
30
32
37
33
34
33
37
36
26
24
40
31
27
31
32
30
40
51
36
31
35
26
36
41
22
46
41
40
37
35
20
30
41
46
34
33
47
44
36
31
23
47
21
41
26
41
30
44
50
16
36
28
34
38
45
40
26
40
33
32
36
42
49
40
37
34
46
30
42
32
41
37
33
42
35
49
30
47
28
38
39
22
44
32
26
34
31
28
40
39
30
19
37
32
37
26
21
36
29
38
25
37
20
33
40
35
38
35
36
40
40
43
33
38
38
31
37
26
36
58
46
49
28
27
34
40
49
46
28
27
36
47
33
38
29
34
32
36
37
32
44
39
45
35
44
28
35
35
39
42
32
34
21
24
13
36
30
26
25
31
43
34
29
40
39
27
37
38
31
44
20
32
31
40
41
36
44
25
24
29
31
42
28
41
41
37
25
42
52
38
48
34
24
29
30
34
32
31
42
49
50
44
33
31
38
28
38
23
34
29
38
36
35
49
27
32
28
29
37
27
25
36
27
37
29
47
44
23
29
42
32
38
41
34
39
40
34
32
29
28
38
24
44
50
41
39
42
30
49
30
50
34
18
37
38
43
56
39
34
41
33
33
35
30
30
29
43
27
39
32
31
30
54
44
37
45
45
34
26
33
51
17
37
36
34
22
28
39
30
20
37
29
34
46
35
23
40
35
35
41
34
41
42
38
27
38
33
27
26
30
32
30
41
33
34
43
28
28
49
29
25
41
36
25
26
43
41
29
31
35
37
38
41
24
37
44
27
15
33
40
39
36
27
54
31
36
24
38
36
37
38
47
33
27
26
39
42
33
32
29
23
29
44
47
37
35
41
43
30
22
34
41
28
25
37
33
41
29
25
31
36
36
43
42
23
51
25
35
38
31
31
39
37
32
46
32
50
29
20
42
56
21
31
48
29
32
20
33
29
26
28
27
25
30
25
38
31
40
36
39
24
36
34
50
46
46
48
30
37
39
29
26
29
47
38
36
45
29
33
35
42
48
40
