19
27
36
16
23
35
34
36
44
26
22
25
31
30
25
16
31
38
28
27
25
46
27
30
30
24
28
27
33
24
31
33
27
29
30
25
26
25
31
19
27
30
28
26
27
29
17
18
39
22
28
32
17
25
14
15
43
23
21
25
35
25
27
31
28
26
20
30
27
16
17
26
24
28
30
21
26
20
34
32
30
19
25
29
24
22
24
23
17
33
39
32
23
35
30
29
21
23
34
21
28
19
29
27
34
30
17
18
20
34
23
31
28
20
20
22
15
30
32
46
36
30
26
19
19
32
21
38
30
28
31
20
40
23
35
20
35
34
20
28
22
25
31
24
21
24
35
23
16
24
31
33
17
19
23
21
28
24
26
18
27
25
30
22
20
20
26
29
23
25
33
33
18
35
21
33
46
38
39
17
18
31
35
36
31
24
22
34
36
33
38
25
30
17
31
24
26
29
33
24
27
42
28
30
19
30
28
26
27
24
24
13
27
24
23
21
19
26
32
19
26
26
21
22
26
20
20
16
26
34
27
33
26
32
18
15
37
22
31
25
31
37
23
19
25
42
34
42
20
24
20
18
17
18
25
35
29
43
34
18
28
30
28
26
23
28
24
33
26
21
32
14
24
20
26
30
25
18
33
20
30
20
31
28
20
21
34
20
24
34
24
27
24
21
35
14
16
29
21
33
40
35
27
21
17
41
16
32
29
12
20
22
27
41
34
24
26
35
37
29
24
13
25
33
18
30
23
21
16
46
37
25
32
28
16
21
33
34
18
28
29
29
22
15
22
25
21
29
21
28
29
28
16
21
29
35
35
30
24
24
27
14
25
25
23
26
30
23
29
29
30
29
23
25
23
37
30
20
29
32
21
25
27
32
22
13
29
21
22
27
17
36
29
28
11
23
35
31
31
21
39
27
31
30
29
28
24
30
41
26
31
16
25
31
25
25
26
18
23
32
41
27
22
27
30
23
23
31
39
23
23
19
27
25
24
25
20
25
31
38
38
16
52
25
25
29
27
26
37
26
28
39
21
31
29
13
40
54
19
23
40
28
21
14
30
27
14
17
23
20
22
24
26
20
28
17
27
20
31
22
34
45
20
30
25
29
22
27
17
21
30
34
25
44
16
21
30
23
33
24
