29
13
24
12
23
29
35
26
20
28
32
19
21
25
21
22
15
20
19
25
12
27
25
26
23
31
32
20
37
27
23
33
15
36
22
26
20
24
17
29
23
15
38
28
29
30
23
19
22
33
24
30
34
24
22
16
20
18
22
10
23
26
21
21
26
16
20
21
36
10
26
27
24
23
23
20
33
19
23
15
22
33
24
20
19
17
20
28
20
22
17
31
22
26
25
13
25
15
25
22
23
22
41
14
30
33
26
21
38
24
20
27
24
27
20
16
24
20
24
19
26
30
25
16
27
12
42
21
16
29
19
30
27
21
20
18
18
37
17
15
18
30
30
30
24
21
29
20
28
23
28
34
12
28
25
28
13
18
25
14
25
27
18
32
26
24
20
32
33
15
30
28
32
19
20
21
29
23
18
31
14
22
20
25
32
16
22
17
33
30
33
36
19
26
24
21
31
20
18
24
17
17
39
27
25
23
14
11
32
20
28
28
27
33
24
19
20
23
35
22
19
32
19
17
35
22
39
24
14
16
28
24
30
23
17
28
28
10
17
33
17
22
19
18
23
39
24
22
21
23
18
21
40
14
15
14
32
14
25
30
23
22
25
26
13
26
19
35
16
41
33
25
31
23
27
15
33
33
19
25
23
30
14
16
15
27
18
19
22
24
15
20
29
20
18
19
30
20
17
20
12
22
22
37
36
21
31
38
22
23
26
18
17
39
21
36
26
14
30
12
21
16
23
29
31
24
30
28
22
27
26
23
39
28
27
10
35
34
13
20
20
21
27
28
25
21
22
24
31
35
13
30
25
36
24
18
20
19
16
19
36
19
14
27
18
27
25
15
17
20
27
35
30
15
26
28
40
32
23
22
14
19
19
23
25
21
21
16
23
19
16
31
23
24
18
27
17
50
20
25
12
32
19
28
29
20
32
10
27
17
22
21
23
24
12
17
32
15
16
21
23
22
19
37
22
23
29
26
25
36
23
28
18
8
22
35
25
18
29
16
35
15
23
13
23
15
33
21
11
13
15
20
28
27
16
14
25
23
22
19
21
20
11
26
18
13
24
17
17
18
29
16
19
45
21
26
10
24
22
27
36
24
14
27
22
18
29
21
23
14
19
23
20
23
29
15
25
17
14
21
23
14
23
13
32
22
25
23
27
21
15
22
18
22
33
22
18
25
22
30
32
13
23
34
21
28
21
19
18
23
15
25
24
36
27
31
22
21
30
16
15
16
32
23
15
40
31
19
25
25
14
16
17
29
22
28
15
23
20
28
32
26
10
35
15
29
23
21
22
25
20
20
26
21
23
24
33
34
27
30
19
15
28
28
24
22
32
17
24
23
32
26
27
24
24
20
28
31
20
26
21
20
15
18
18
20
40
30
20
19
25
27
17
12
27
27
19
25
23
25
19
30
17
13
20
22
15
20
26
24
27
16
28
28
20
23
20
14
10
31
38
27
22
17
21
23
26
24
22
13
33
17
11
24
22
14
14
20
15
8
28
26
24
31
25
29
24
15
24
23
20
29
27
15
25
26
29
30
23
24
35
26
18
26
25
18
28
20
23
36
12
16
23
10
20
37
19
26
21
17
14
25
26
22
14
27
17
32
29
18
25
13
19
12
16
18
24
22
20
22
20
23
15
19
14
21
40
26
40
29
23
31
36
27
24
28
17
25
38
33
19
11
24
24
18
20
36
18
25
23
11
33
22
19
30
15
29
30
25
23
16
14
29
20
21
24
30
13
16
20
25
20
16
12
21
18
23
12
16
13
27
17
21
20
14
16
21
28
24
26
12
36
33
19
29
24
25
17
22
15
32
26
24
26
18
22
33
25
24
45
27
16
21
18
30
16
21
25
16
25
31
25
18
25
33
21
20
21
23
42
30
22
28
17
23
25
38
23
13
29
31
25
14
25
21
41
17
19
29
22
25
21
17
19
24
30
23
15
28
11
28
36
13
18
26
31
24
25
21
18
39
18
24
20
22
21
32
16
20
34
28
30
24
18
29
16
25
13
26
25
7
25
28
32
20
32
23
26
29
15
16
12
32
30
18
27
13
24
15
29
20
28
19
12
16
18
37
19
23
20
22
11
26
18
22
17
13
40
23
21
23
20
27
30
30
22
25
31
18
16
18
39
21
21
33
14
22
17
22
26
22
35
24
19
27
26
12
17
18
23
29
26
19
18
20
20
10
26
33
31
27
21
30
32
18
21
32
18
23
20
18
21
14
20
29
27
30
22
22
22
21
27
14
32
23
18
14
15
17
16
