70
38
50
32
47
41
72
63
52
57
34
56
55
41
44
48
79
51
39
44
44
45
48
50
38
61
64
52
69
65
51
45
55
50
50
48
43
60
57
63
59
31
54
70
57
57
41
63
48
50
55
41
60
35
48
55
48
49
49
49
47
50
69
58
48
44
46
61
69
34
44
58
46
52
65
31
69
32
41
68
51
52
56
48
71
65
66
56
57
55
30
58
44
39
40
20
43
54
77
38
54
67
64
45
71
61
38
67
74
55
36
62
43
67
62
48
73
38
73
40
62
46
60
35
37
30
69
70
40
54
66
44
56
40
58
60
67
47
41
41
64
58
69
50
44
49
57
47
54
51
66
45
53
44
63
59
51
42
64
59
42
53
55
50
58
57
50
49
67
41
56
48
44
50
45
45
48
52
45
43
65
52
44
54
54
40
52
46
50
59
56
61
36
50
41
49
65
55
46
44
43
63
61
47
37
72
41
38
59
32
35
66
56
80
71
56
61
63
63
45
25
52
43
68
46
69
64
42
59
42
50
45
44
50
32
57
62
10
55
52
48
50
44
33
46
71
58
51
40
48
52
54
62
36
44
31
46
56
55
40
42
34
44
39
43
59
50
48
44
78
46
74
54
44
46
37
58
59
58
51
57
54
34
42
34
62
30
46
67
42
47
43
60
41
27
54
36
47
37
47
43
52
58
61
61
42
56
75
22
49
66
35
34
63
39
60
36
47
70
68
21
46
56
60
38
63
62
48
47
62
30
35
74
48
53
45
50
50
35
54
55
39
45
61
37
56
49
58
44
55
43
65
38
60
61
30
45
55
51
46
69
33
39
67
37
43
55
59
27
44
66
73
55
49
53
53
72
53
39
52
62
61
41
51
50
55
54
34
54
66
48
54
41
31
44
67
54
74
44
48
69
46
65
57
60
61
34
73
63
60
46
50
56
51
36
76
51
31
43
59
55
57
56
63
49
56
57
37
40
48
54
66
50
18
49
64
65
46
58
46
59
46
56
55
47
63
65
47
29
55
48
51
56
59
40
48
51
47
56
42
27
49
45
66
47
42
52
34
57
41
45
34
60
64
43
57
41
49
72
40
53
51
39
52
38
64
42
41
59
26
38
53
56
47
58
40
57
39
35
51
53
65
48
48
46
57
46
56
50
62
56
47
49
55
52
81
41
62
49
61
62
60
41
64
48
51
57
44
25
26
39
46
52
54
42
57
62
65
63
33
50
46
37
45
33
69
45
32
52
55
71
39
62
52
62
49
39
50
66
58
54
60
31
57
39
54
48
46
37
45
42
44
64
73
51
55
49
66
41
63
53
45
58
37
53
32
68
36
40
49
48
54
54
39
55
59
54
61
72
56
55
41
58
27
41
55
51
71
35
60
63
47
58
46
42
54
48
49
56
40
45
60
35
37
51
56
28
61
63
81
37
53
43
64
47
52
43
40
24
59
52
52
42
24
30
51
38
58
40
33
64
33
42
61
46
44
41
42
35
58
56
48
54
49
56
70
66
47
43
62
62
61
29
35
43
61
51
55
42
42
68
41
51
64
48
54
52
49
70
59
51
43
52
50
60
64
52
50
65
38
46
66
48
42
20
62
66
46
59
59
47
56
65
67
58
60
50
39
46
50
45
75
38
40
38
39
72
40
61
60
57
55
67
48
35
46
57
57
54
60
40
39
56
49
51
34
61
49
36
48
56
59
40
44
54
74
59
59
53
39
41
28
48
33
57
43
45
46
48
56
37
32
41
33
68
60
57
41
46
43
69
49
44
62
27
46
43
37
59
44
72
66
45
49
53
51
67
54
56
62
57
57
52
51
42
56
59
54
50
71
53
46
55
58
51
33
53
75
44
51
56
39
41
68
54
60
57
40
54
50
38
53
49
42
69
55
61
42
50
40
58
54
47
48
56
62
28
65
50
60
53
42
38
46
46
66
57
47
58
46
58
60
47
81
70
60
50
43
42
38
54
43
47
66
35
49
71
65
56
55
73
61
48
53
73
62
64
63
46
35
69
59
61
50
57
58
63
42
52
44
45
68
49
55
59
53
30
40
28
45
68
48
40
48
48
41
57
59
56
45
63
53
54
34
50
33
50
52
56
49
63
48
48
59
62
62
49
59
54
41
58
60
32
63
60
44
47
69
33
50
52
63
55
51
40
69
34
41
18
48
46
58
62
69
42
60
39
60
56
62
77
53
42
57
42
55
58
49
53
63
53
64
53
47
46
63
60
56
59
45
45
55
47
58
61
27
19
42
61
59
