37
27
32
28
37
36
53
47
38
48
32
39
38
36
26
29
40
29
33
35
25
35
38
43
33
44
35
30
39
37
31
46
31
50
42
33
30
37
29
39
39
38
44
47
44
40
29
27
25
52
35
41
48
32
36
21
37
38
35
16
30
42
31
27
46
45
31
33
46
26
39
37
43
27
31
29
51
22
29
37
43
49
31
33
27
36
39
43
38
38
33
34
43
35
33
32
36
29
50
41
38
35
45
19
47
46
29
35
53
36
31
43
35
43
34
28
43
30
38
41
35
43
39
35
35
26
52
41
24
45
44
40
33
34
37
30
34
45
30
32
28
42
43
35
38
40
43
22
32
40
43
51
34
43
32
33
19
34
32
27
38
36
27
39
36
42
31
46
45
33
40
42
40
35
24
33
30
41
33
40
23
36
34
32
38
25
33
30
50
39
38
50
31
37
32
34
50
20
29
36
23
23
49
39
27
45
28
21
46
26
43
36
45
47
30
32
28
38
43
38
21
40
33
43
42
35
46
37
38
31
44
35
32
43
34
41
45
25
23
39
27
44
31
25
31
50
37
40
31
39
33
48
54
19
28
32
41
24
43
37
29
34
28
36
27
39
41
45
29
50
47
38
35
31
39
21
51
46
35
32
37
42
18
29
16
42
28
27
39
29
22
27
42
34
29
27
40
31
20
34
27
33
27
40
48
29
43
45
35
33
43
28
34
43
22
46
35
25
45
28
37
17
38
37
34
37
45
40
31
45
41
31
50
36
38
30
38
45
21
33
28
37
45
47
43
30
34
39
37
41
27
41
26
41
34
30
32
35
23
28
47
19
27
48
27
42
39
34
28
29
39
45
39
23
41
47
50
44
30
38
33
41
26
43
37
32
28
27
47
32
25
47
32
32
24
36
30
57
31
36
30
42
38
45
42
31
41
14
36
17
37
28
31
38
36
27
45
25
31
47
38
38
41
42
29
38
44
42
37
45
39
38
37
10
36
41
34
26
38
38
43
30
41
31
47
30
53
31
24
22
31
33
37
44
36
25
32
49
37
35
32
29
29
42
33
29
38
31
32
24
37
31
46
61
29
47
24
42
45
33
50
36
17
40
36
33
49
31
33
23
37
32
28
31
36
27
29
19
35
35
28
22
35
30
41
32
32
39
36
38
22
39
28
36
39
45
29
33
31
44
38
35
42
47
37
42
36
35
22
31
25
31
27
49
32
38
33
38
32
28
20
32
41
34
30
53
34
30
36
38
26
37
26
41
35
42
21
44
38
40
50
47
38
44
23
47
33
34
36
35
34
33
32
32
40
32
46
55
28
47
29
25
37
38
35
32
38
28
41
41
39
41
43
40
38
39
36
40
40
35
39
30
32
25
28
24
45
48
24
32
39
34
19
21
33
35
35
33
43
40
40
42
29
35
25
38
23
35
36
38
38
37
46
44
23
36
23
24
18
45
50
45
33
38
31
38
32
35
28
25
38
33
11
30
36
20
30
33
26
30
36
36
39
39
36
35
30
28
33
37
27
48
39
20
29
37
37
34
40
34
42
37
37
31
32
26
45
28
47
41
25
31
26
17
43
50
20
40
37
28
22
33
39
38
24
54
23
42
37
26
43
25
44
31
25
36
33
31
38
34
23
44
30
26
26
28
49
29
48
29
44
36
42
34
33
39
36
40
42
48
27
21
32
34
41
29
49
37
39
29
14
39
37
26
37
31
31
32
33
33
22
35
38
32
30
29
37
28
26
33
36
34
34
24
48
42
35
32
22
26
42
29
35
37
29
32
23
48
34
41
12
42
49
34
36
46
43
37
28
37
40
36
45
33
28
28
46
44
48
56
43
41
30
32
34
36
28
35
33
42
53
37
35
36
42
30
31
31
35
44
46
29
48
33
29
31
48
34
32
40
46
38
27
39
38
50
26
44
39
27
37
28
25
36
40
49
31
30
32
29
37
48
24
25
46
49
41
31
43
23
59
24
42
28
38
38
41
24
31
39
46
32
41
36
44
41
39
28
38
33
33
39
45
48
37
46
32
33
45
26
18
28
35
42
28
32
20
39
27
29
30
42
33
27
35
30
41
39
35
25
30
15
34
30
37
30
33
49
30
30
38
39
47
43
38
34
50
47
35
24
35
52
30
30
46
23
34
32
30
37
35
43
42
29
40
41
35
37
29
40
35
44
38
37
30
33
27
41
42
50
36
26
50
41
27
33
45
38
27
35
35
27
36
32
31
40
40
33
38
35
37
32
26
44
36
29
25
25
29
47
