37
23
32
19
29
38
45
38
31
37
42
27
28
31
28
22
31
31
30
35
23
28
32
34
33
36
41
28
44
31
31
41
21
42
32
26
31
32
27
36
26
21
47
38
40
40
26
22
38
38
41
39
44
26
26
24
24
28
32
19
31
33
30
22
30
26
27
30
41
13
31
32
36
28
30
25
48
23
29
27
29
45
29
29
33
32
29
35
25
26
29
36
39
28
28
20
27
22
25
28
32
25
49
20
36
37
30
28
45
33
25
34
36
29
40
21
31
20
33
27
33
36
32
22
31
19
53
26
27
33
34
40
34
30
24
29
30
47
30
28
18
38
40
34
34
34
37
31
35
29
33
40
26
33
35
31
16
21
34
22
35
37
27
39
30
31
24
35
41
20
38
35
34
25
30
26
36
29
27
36
30
33
33
32
38
21
27
25
44
34
33
44
24
29
24
26
38
28
33
24
25
17
50
39
30
34
19
13
39
23
35
37
31
33
31
30
23
34
46
22
20
35
33
29
35
28
39
29
26
24
35
37
35
30
20
33
35
10
28
37
23
29
27
18
29
43
34
22
24
29
28
28
51
15
17
19
32
21
34
32
29
28
28
27
25
33
25
47
16
46
35
30
39
29
35
27
40
40
21
34
31
41
17
16
15
32
22
24
25
30
28
33
41
23
18
28
33
29
22
23
20
23
28
42
48
33
35
43
34
25
32
23
26
41
29
43
34
16
34
26
27
21
26
32
31
29
41
29
25
34
33
28
42
37
35
11
35
41
14
27
26
27
35
39
27
36
23
35
34
39
17
35
30
38
30
27
26
30
20
22
40
21
18
32
23
35
29
22
19
26
39
39
35
19
32
36
46
39
33
28
19
27
21
29
31
25
27
19
29
33
24
41
27
30
18
28
33
54
22
34
25
38
27
30
35
26
36
12
33
33
28
22
26
35
18
19
37
22
20
41
34
35
22
43
33
34
35
32
30
36
31
38
21
10
23
36
33
23
34
25
41
19
31
21
34
21
38
23
15
18
25
34
38
40
27
16
31
35
31
25
23
29
16
36
24
15
29
20
31
18
32
26
26
47
30
35
10
28
32
32
44
31
17
27
28
25
36
26
26
22
23
30
24
25
32
15
35
22
16
34
33
19
28
28
32
28
30
32
28
30
27
22
23
30
34
30
18
30
30
35
43
20
30
40
31
36
27
23
22
26
17
33
34
44
37
39
25
21
32
26
27
24
33
26
20
43
36
22
35
29
22
27
28
33
27
30
23
43
26
33
39
32
23
40
18
33
28
27
22
35
24
28
26
28
23
28
42
43
29
36
24
17
34
33
26
30
38
36
24
28
36
34
32
30
35
29
35
41
39
33
28
28
17
26
22
20
42
44
30
30
30
32
27
17
31
30
31
34
36
31
19
31
20
18
20
32
26
23
29
33
32
23
36
42
27
23
22
15
18
39
41
34
26
31
29
27
35
26
26
17
37
21
15
29
30
22
21
25
22
30
32
30
27
31
27
39
33
30
32
26
22
34
30
24
25
36
34
38
33
30
39
31
24
34
32
27
31
28
29
39
17
27
28
20
34
37
28
28
27
18
29
34
32
40
14
37
29
38
30
23
28
21
27
22
16
33
34
29
27
25
29
31
19
20
19
22
50
30
47
35
39
42
39
35
34
36
20
33
47
39
26
15
38
28
27
27
36
32
34
34
17
44
32
25
41
25
30
39
31
28
29
18
31
25
21
28
36
24
22
24
33
30
27
12
29
33
30
18
21
13
32
19
24
33
20
22
31
28
24
28
21
45
38
19
35
35
32
29
28
27
35
33
34
35
24
28
38
34
37
53
37
28
21
25
32
30
29
34
30
27
34
29
28
30
41
29
32
24
26
45
31
25
28
24
32
31
40
32
21
36
41
34
24
30
35
43
27
27
41
27
29
24
22
29
30
35
29
18
34
17
31
38
17
23
30
38
29
31
29
24
46
25
34
24
26
25
41
24
29
34
28
32
29
21
35
19
27
22
27
25
16
27
34
39
30
39
34
33
40
25
23
19
35
30
21
35
16
35
21
33
33
31
26
16
28
23
37
30
30
23
25
15
27
24
29
21
21
45
33
30
37
28
37
38
30
29
28
40
27
32
27
45
23
25
36
21
27
28
28
29
28
39
31
23
35
38
22
26
18
28
35
38
28
24
24
30
16
36
34
36
40
24
40
32
24
27
46
30
23
25
24
26
24
36
34
35
35
23
30
35
24
34
20
44
36
20
19
19
22
35
